PAgen_1
0.0153113000 0.0019214600
1.0000000000
0 1 0 0 0 0
11304.5559460386 0.0000000000 1918.2166566847 0.1598621716 87219.3821627650 1.5814950852 87219.3821627650 1.5814950852 87219.3821627650 1.5814950852 87219.3821627650 1.5814950852
-1.0000000000 90.0000000000 90.0000000000 0.0000000000 26.3184682592 333.6815317408
0.5699827599 1.1102403768 1.5802334935
1.0000000000 1.1096798950 1.1133315849 1.1133315849 1.1133315849 1.1133315849
1050.0000000000
0.3560108042 0.2810108042 0.0000000000 0.1814881509 0.0907451203 0.0907451203
0.0000000000 0.1428571429 0.1428571429 0.1428571429 0.1428571429 0.1428571429
1.0000000000 4.0000000000 4.0000000000 4.0000000000 4.0000000000 4.0000000000
1.0000000000 1.0000000000 1.0000000000 1.0000000000 1.0000000000 1.0000000000
1.0000000000 1.0000000000 1.0000000000 1.0000000000 1.0000000000 1.0000000000
0.0000000000 0.0000000000 0.0000000000 0.0000000000 0.0000000000 0.0000000000
667.4263125476 0.0000051484
0.1428571429 0.4000000000 1.1000000000
0.8326000000 0.4163000000
3623.3964290558
0.0000000000 1.0000000000 0.0714285714
0.0000000000 1.6000000000 0.0000000000
1.0000000000 0.0000000000
1.0000000000 0.0000000000
32.0000000000 0.0000000000 1.0000000000
1.0000000000 0.2500000000 0.0000000000
