0.000308314	4.01309e-05	1050	261.45	225.75	0	61.3194	61.3194	1888.19	1888.19	0.00303193	0	0.0360235	0.0360235	37933	0	0.142857	0.142857	0	32.25	0	40.1996	20.1002	20.1002
0.000308334	4.01354e-05	1050.19	261.45	225.805	0	61.3074	61.3194	1888.19	1888.19	0.00303227	0	0.0360235	0.0360235	37936.6	0	0.142857	0.142857	0	32.2569	0	40.2082	20.1045	20.1045
0.000308353	4.01399e-05	1050.38	261.45	225.858	0	61.2959	61.3194	1888.19	1888.19	0.00303259	0	0.0360235	0.0360235	37939.6	0	0.142857	0.142857	0	32.2625	0	40.2152	20.108	20.108
0.000308372	4.01442e-05	1050.55	261.45	225.909	0	61.2848	61.3194	1888.19	1888.19	0.00303289	0	0.0360235	0.0360235	37942	0	0.142857	0.142857	0	32.2675	0	40.2214	20.1111	20.1111
0.000308389	4.01482e-05	1050.72	261.45	225.957	0	61.2743	61.3194	1888.19	1888.19	0.00303317	0	0.0360235	0.0360235	37944.1	0	0.142857	0.142857	0	32.2719	0	40.227	20.1139	20.1139
0.000308406	4.01521e-05	1050.88	261.45	226.003	0	61.2643	61.3194	1888.19	1888.19	0.00303343	0	0.0360235	0.0360235	37945.8	0	0.142857	0.142857	0	32.276	0	40.232	20.1164	20.1164
0.000308422	4.01557e-05	1051.04	261.45	226.047	0	61.2548	61.3194	1888.19	1888.19	0.00303367	0	0.0360235	0.0360235	37947.2	0	0.142857	0.142857	0	32.2796	0	40.2366	20.1187	20.1187
0.000308437	4.01591e-05	1051.18	261.45	226.088	0	61.2458	61.3194	1888.19	1888.19	0.00303389	0	0.0360235	0.0360235	37948.4	0	0.142857	0.142857	0	32.283	0	40.2408	20.1208	20.1208
0.000308451	4.01623e-05	1051.31	261.45	226.126	0	61.2372	61.3194	1888.19	1888.19	0.00303409	0	0.0360235	0.0360235	37949.4	0	0.142857	0.142857	0	32.2861	0	40.2446	20.1227	20.1227
0.000308465	4.01653e-05	1051.44	261.45	226.162	0	61.2291	61.3194	1888.19	1888.19	0.00303428	0	0.0360235	0.0360235	37950.2	0	0.142857	0.142857	0	32.289	0	40.2482	20.1245	20.1245
0.000308478	4.01681e-05	1051.56	261.45	226.196	0	61.2213	61.3194	1888.19	1888.19	0.00303445	0	0.0360235	0.0360235	37950.9	0	0.142857	0.142857	0	32.2917	0	40.2515	20.1262	20.1262
0.00030849	4.01707e-05	1051.67	261.45	226.228	0	61.214	61.3194	1888.19	1888.19	0.00303461	0	0.0360235	0.0360235	37951.4	0	0.142857	0.142857	0	32.2941	0	40.2546	20.1277	20.1277
0.000308502	4.01731e-05	1051.77	261.45	226.258	0	61.2071	61.3194	1888.19	1888.19	0.00303475	0	0.0360235	0.0360235	37951.9	0	0.142857	0.142857	0	32.2965	0	40.2575	20.1292	20.1292
0.000308513	4.01753e-05	1051.87	261.45	226.286	0	61.2006	61.3194	1888.19	1888.19	0.00303489	0	0.0360235	0.0360235	37952.3	0	0.142857	0.142857	0	32.2986	0	40.2602	20.1305	20.1305
0.000308523	4.01774e-05	1051.96	261.45	226.312	0	61.1944	61.3194	1888.19	1888.19	0.00303501	0	0.0360235	0.0360235	37952.6	0	0.142857	0.142857	0	32.3007	0	40.2628	20.1318	20.1318
0.000308533	4.01794e-05	1052.05	261.45	226.336	0	61.1885	61.3194	1888.19	1888.19	0.00303513	0	0.0360235	0.0360235	37952.9	0	0.142857	0.142857	0	32.3026	0	40.2651	20.133	20.133
0.000308543	4.01812e-05	1052.13	261.45	226.359	0	61.183	61.3194	1888.19	1888.19	0.00303524	0	0.0360235	0.0360235	37953.1	0	0.142857	0.142857	0	32.3044	0	40.2674	20.1341	20.1341
0.000308551	4.01829e-05	1052.2	261.45	226.381	0	61.1778	61.3194	1888.19	1888.19	0.00303533	0	0.0360235	0.0360235	37953.2	0	0.142857	0.142857	0	32.3061	0	40.2695	20.1351	20.1351
0.00030856	4.01844e-05	1052.27	261.45	226.401	0	61.1728	61.3194	1888.19	1888.19	0.00303543	0	0.0360235	0.0360235	37953.4	0	0.142857	0.142857	0	32.3076	0	40.2715	20.1361	20.1361
0.000308568	4.01859e-05	1052.34	261.45	226.42	0	61.1681	61.3194	1888.19	1888.19	0.00303551	0	0.0360235	0.0360235	37953.5	0	0.142857	0.142857	0	32.3091	0	40.2733	20.1371	20.1371
0.000308575	4.01873e-05	1052.4	261.45	226.438	0	61.1637	61.3194	1888.19	1888.19	0.00303559	0	0.0360235	0.0360235	37953.5	0	0.142857	0.142857	0	32.3105	0	40.2751	20.1379	20.1379
0.000308582	4.01886e-05	1052.46	261.45	226.455	0	61.1595	61.3194	1888.19	1888.19	0.00303566	0	0.0360235	0.0360235	37953.6	0	0.142857	0.142857	0	32.3119	0	40.2767	20.1388	20.1388
0.000308589	4.01898e-05	1052.52	261.45	226.47	0	61.1555	61.3194	1888.19	1888.19	0.00303573	0	0.0360235	0.0360235	37953.6	0	0.142857	0.142857	0	32.3131	0	40.2783	20.1395	20.1395
0.000308595	4.01909e-05	1052.57	261.45	226.485	0	61.1518	61.3194	1888.19	1888.19	0.0030358	0	0.0360235	0.0360235	37953.7	0	0.142857	0.142857	0	32.3143	0	40.2798	20.1403	20.1403
0.000308601	4.0192e-05	1052.62	261.45	226.499	0	61.1483	61.3194	1888.19	1888.19	0.00303585	0	0.0360235	0.0360235	37953.7	0	0.142857	0.142857	0	32.3154	0	40.2812	20.141	20.141
0.000308607	4.01929e-05	1052.66	261.45	226.512	0	61.1449	61.3194	1888.19	1888.19	0.00303591	0	0.0360235	0.0360235	37953.7	0	0.142857	0.142857	0	32.3165	0	40.2825	20.1416	20.1416
0.000308612	4.01939e-05	1052.7	261.45	226.524	0	61.1418	61.3194	1888.19	1888.19	0.00303596	0	0.0360235	0.0360235	37953.7	0	0.142857	0.142857	0	32.3175	0	40.2837	20.1423	20.1423
0.000308617	4.01947e-05	1052.74	261.45	226.535	0	61.1388	61.3194	1888.19	1888.19	0.00303601	0	0.0360235	0.0360235	37953.7	0	0.142857	0.142857	0	32.3184	0	40.2849	20.1428	20.1428
0.000308622	4.01955e-05	1052.78	261.45	226.546	0	61.136	61.3194	1888.19	1888.19	0.00303606	0	0.0360235	0.0360235	37953.7	0	0.142857	0.142857	0	32.3193	0	40.286	20.1434	20.1434
0.000308626	4.01963e-05	1052.82	261.45	226.556	0	61.1333	61.3194	1888.19	1888.19	0.0030361	0	0.0360235	0.0360235	37953.7	0	0.142857	0.142857	0	32.3202	0	40.2871	20.1439	20.1439
0.00030863	4.0197e-05	1052.85	261.45	226.566	0	61.1308	61.3194	1888.19	1888.19	0.00303614	0	0.0360235	0.0360235	37953.7	0	0.142857	0.142857	0	32.3209	0	40.2881	20.1444	20.1444
0.000308634	4.01977e-05	1052.88	261.45	226.575	0	61.1284	61.3194	1888.19	1888.19	0.00303617	0	0.0360235	0.0360235	37953.6	0	0.142857	0.142857	0	32.3217	0	40.289	20.1449	20.1449
0.000308638	4.01983e-05	1052.91	261.45	226.584	0	61.1262	61.3194	1888.19	1888.19	0.00303621	0	0.0360235	0.0360235	37953.6	0	0.142857	0.142857	0	32.3224	0	40.2899	20.1453	20.1453
0.000308642	4.01989e-05	1052.94	261.45	226.592	0	61.124	61.3194	1888.19	1888.19	0.00303624	0	0.0360235	0.0360235	37953.6	0	0.142857	0.142857	0	32.3231	0	40.2907	20.1457	20.1457
0.000308645	4.01995e-05	1052.97	261.45	226.599	0	61.122	61.3194	1888.19	1888.19	0.00303627	0	0.0360235	0.0360235	37953.6	0	0.142857	0.142857	0	32.3237	0	40.2915	20.1461	20.1461
0.000308648	4.02e-05	1052.99	261.45	226.606	0	61.1201	61.3194	1888.19	1888.19	0.0030363	0	0.0360235	0.0360235	37953.5	0	0.142857	0.142857	0	32.3243	0	40.2922	20.1465	20.1465
0.000308651	4.02005e-05	1053.01	261.45	226.613	0	61.1183	61.3194	1888.19	1888.19	0.00303633	0	0.0360235	0.0360235	37953.5	0	0.142857	0.142857	0	32.3249	0	40.2929	20.1469	20.1469
0.000308654	4.0201e-05	1053.04	261.45	226.619	0	61.1167	61.3194	1888.19	1888.19	0.00303635	0	0.0360235	0.0360235	37953.5	0	0.142857	0.142857	0	32.3254	0	40.2936	20.1472	20.1472
0.000308657	4.02014e-05	1053.06	261.45	226.625	0	61.1151	61.3194	1888.19	1888.19	0.00303638	0	0.0360235	0.0360235	37953.5	0	0.142857	0.142857	0	32.3259	0	40.2942	20.1475	20.1475
0.000308659	4.02018e-05	1053.08	261.45	226.631	0	61.1135	61.3194	1888.19	1888.19	0.0030364	0	0.0360235	0.0360235	37953.4	0	0.142857	0.142857	0	32.3264	0	40.2948	20.1478	20.1478
0.000308662	4.02022e-05	1053.1	261.45	226.636	0	61.1121	61.3194	1888.19	1888.19	0.00303642	0	0.0360235	0.0360235	37953.4	0	0.142857	0.142857	0	32.3268	0	40.2954	20.1481	20.1481
0.000308664	4.02026e-05	1053.11	261.45	226.641	0	61.1108	61.3194	1888.19	1888.19	0.00303644	0	0.0360235	0.0360235	37953.4	0	0.142857	0.142857	0	32.3272	0	40.2959	20.1483	20.1483
0.000308666	4.02029e-05	1053.13	261.45	226.646	0	61.1095	61.3194	1888.19	1888.19	0.00303646	0	0.0360235	0.0360235	37953.4	0	0.142857	0.142857	0	32.3276	0	40.2964	20.1486	20.1486
0.000308668	4.02032e-05	1053.14	261.45	226.65	0	61.1083	61.3194	1888.19	1888.19	0.00303648	0	0.0360235	0.0360235	37953.3	0	0.142857	0.142857	0	32.328	0	40.2969	20.1488	20.1488
0.00030867	4.02036e-05	1053.16	261.45	226.655	0	61.1072	61.3194	1888.19	1888.19	0.0030365	0	0.0360235	0.0360235	37953.3	0	0.142857	0.142857	0	32.3284	0	40.2973	20.149	20.149
0.000308672	4.02038e-05	1053.17	261.45	226.658	0	61.1061	61.3194	1888.19	1888.19	0.00303651	0	0.0360235	0.0360235	37953.3	0	0.142857	0.142857	0	32.3287	0	40.2977	20.1493	20.1493
0.000308674	4.02041e-05	1053.19	261.45	226.662	0	61.1051	61.3194	1888.19	1888.19	0.00303653	0	0.0360235	0.0360235	37953.3	0	0.142857	0.142857	0	32.329	0	40.2981	20.1495	20.1495
0.000308675	4.02044e-05	1053.2	261.45	226.666	0	61.1041	61.3194	1888.19	1888.19	0.00303654	0	0.0360235	0.0360235	37953.3	0	0.142857	0.142857	0	32.3293	0	40.2985	20.1496	20.1496
0.000308677	4.02046e-05	1053.21	261.45	226.669	0	61.1032	61.3194	1888.19	1888.19	0.00303655	0	0.0360235	0.0360235	37953.2	0	0.142857	0.142857	0	32.3296	0	40.2989	20.1498	20.1498
0.000308678	4.02049e-05	1053.22	261.45	226.672	0	61.1023	61.3194	1888.19	1888.19	0.00303657	0	0.0360235	0.0360235	37953.2	0	0.142857	0.142857	0	32.3299	0	40.2992	20.15	20.15
0.00030868	4.02051e-05	1053.23	261.45	226.675	0	61.1015	61.3194	1888.19	1888.19	0.00303658	0	0.0360235	0.0360235	37953.2	0	0.142857	0.142857	0	32.3301	0	40.2995	20.1501	20.1501
0.000308681	4.02053e-05	1053.24	261.45	226.678	0	61.1008	61.3194	1888.19	1888.19	0.00303659	0	0.0360235	0.0360235	37953.2	0	0.142857	0.142857	0	32.3304	0	40.2998	20.1503	20.1503
0.000308682	4.02055e-05	1053.25	261.45	226.681	0	61.1001	61.3194	1888.19	1888.19	0.0030366	0	0.0360235	0.0360235	37953.2	0	0.142857	0.142857	0	32.3306	0	40.3001	20.1504	20.1504
0.000308683	4.02056e-05	1053.26	261.45	226.683	0	61.0994	61.3194	1888.19	1888.19	0.00303661	0	0.0360235	0.0360235	37953.2	0	0.142857	0.142857	0	32.3308	0	40.3004	20.1506	20.1506
0.000308684	4.02058e-05	1053.27	261.45	226.686	0	61.0987	61.3194	1888.19	1888.19	0.00303662	0	0.0360235	0.0360235	37953.1	0	0.142857	0.142857	0	32.331	0	40.3006	20.1507	20.1507
0.000308685	4.0206e-05	1053.28	261.45	226.688	0	61.0981	61.3194	1888.19	1888.19	0.00303663	0	0.0360235	0.0360235	37953.1	0	0.142857	0.142857	0	32.3312	0	40.3009	20.1508	20.1508
0.000308686	4.02061e-05	1053.28	261.45	226.69	0	61.0975	61.3194	1888.19	1888.19	0.00303664	0	0.0360235	0.0360235	37953.1	0	0.142857	0.142857	0	32.3314	0	40.3011	20.1509	20.1509
0.000308687	4.02063e-05	1053.29	261.45	226.692	0	61.097	61.3194	1888.19	1888.19	0.00303664	0	0.0360235	0.0360235	37953.1	0	0.142857	0.142857	0	32.3316	0	40.3013	20.151	20.151
0.000308688	4.02064e-05	1053.3	261.45	226.694	0	61.0965	61.3194	1888.19	1888.19	0.00303665	0	0.0360235	0.0360235	37953.1	0	0.142857	0.142857	0	32.3317	0	40.3015	20.1511	20.1511
0.000308689	4.02065e-05	1053.3	261.45	226.696	0	61.096	61.3194	1888.19	1888.19	0.00303666	0	0.0360235	0.0360235	37953.1	0	0.142857	0.142857	0	32.3319	0	40.3017	20.1512	20.1512
0.00030869	4.02067e-05	1053.31	261.45	226.697	0	61.0955	61.3194	1888.19	1888.19	0.00303666	0	0.0360235	0.0360235	37953.1	0	0.142857	0.142857	0	32.332	0	40.3019	20.1513	20.1513
