PAgen_11
0.3034477692 0.0406987694
1.0000000000
0 0 0 0 0 0
40521.2582478843 0.0000000000 1035.4115159533 0.1177509114 62031.8734480999 1.2399479854 62031.8734480999 1.2399479854 62031.8734480999 1.2399479854 62031.8734480999 1.2399479854
-1.0000000000 90.0000000000 90.0000000000 0.0000000000 25.5562971327 334.4437028673
0.5974331597 1.0979971925 1.5244368787
1.0000000000 1.1759714873 1.1629664678 1.1629664678 1.1629664678 1.1629664678
1050.0000000000
0.2490000000 0.2150000000 0.0000000000 0.2679974304 0.1340012848 0.1340012848
0.0000000000 0.1428571429 0.1428571429 0.1428571429 0.1428571429 0.1428571429
1.0000000000 4.0000000000 4.0000000000 4.0000000000 4.0000000000 4.0000000000
1.0000000000 1.0000000000 1.0000000000 1.0000000000 1.0000000000 1.0000000000
1.0000000000 1.0000000000 1.0000000000 1.0000000000 1.0000000000 1.0000000000
0.0000000000 0.0000000000 0.0000000000 0.0000000000 0.0000000000 0.0000000000
1888.1905334475 0.0360234727
0.1428571429 0.4000000000 1.1000000000
0.8326000000 0.8326000000
38958.2833269925
10000.0000000000 1.0000000000 0.0000000000
0.0000000000 0.0000000000 0.0000000000
0.0000000000 0.0000000000
