0.0003337329 0.0000373923
1.0000000000
39650.5092814788 0.0000000000 3537.5878032008 0.1326811268 129813.0210506989 2.4492449942 129813.0210506989 2.4492449942 129813.0210506989 2.4492449942 129813.0210506989 2.4492449942
-1.0000000000 90.0000000000 90.0000000000 0.0000000000 25.9589364665 334.0410635335
0.5131417669 1.1082477431 1.7584328129
1.0000000000 1.0962919736 1.0579522123 1.0579522123 1.0579522123 1.0579522123
1050.0000000000
0.2550000000 0.1800000000 0.0000000000 0.2824999997 0.1412500002 0.1412500002
0.0000000000 0.0125000000 0.0125000000 0.0125000000 0.0125000000 0.0125000000
1.0000000000 1.0000000000 1.0000000000 1.0000000000 1.0000000000 1.0000000000
1.0000000000 1.0000000000 1.0000000000 1.0000000000 1.0000000000 1.0000000000
1.0000000000 1.0000000000 1.0000000000 1.0000000000 1.0000000000 1.0000000000
0.0000000000 0.0000000000 0.0000000000 0.0000000000 0.0000000000 0.0000000000
1706.1491124994 20.0000000000
0.1428571429 0.4000000000 1.1000000000
0.8326000000 0.4163000000
49281.7641407400 